# model params as below:
# @brief 模型参数

# @param K 汽车数量
K = 2              # 按照论文参考文献[3]中的数据来，有2辆车
# @param Q_k 单汽车载重量上限
Q = 8000           # 单位为kg，因为数据都相同，则做成一个数值
# @param D_k 单汽车单次行驶距离上限 *原文为h，疑似写错*
D = 40             # 单位为km，因为数据都相同，则做成一个数值

# @param L 需求物资点数量
L = 8              # 按照论文参考文献[3]中的数据来，有8物资点
# @param q_i 每个物资点需求数量
q = [1, 2, 1, 2, 1, 4, 2, 2]
# @param d_ij 物资点i和物资点j的距离
# @param d_0j 汽车出发地到物资点j的距离 *即出发地下标设为0*
d = [
    0, 4.0, 6.0, 7.5, 9.0, 20.0, 10.0, 16.0, 8.0, 0,
    4.0, 0, 6.5, 4.0, 10.0, 5.0, 7.5, 11.0, 10.0, 4.0,
    6.0, 6.5, 0, 7.5, 10.0, 10.0, 7.5, 7.5, 7.5, 6.0,
    7.5, 4.0, 7.5, 0, 10.0, 5.0, 9.0, 9.0, 15.0, 7.5,
    9.0, 10.0, 10.0, 10.0, 0, 10.0, 7.5, 7.5, 10.0, 9.0,
    20.0, 5.0, 10.0, 5.0, 10.0, 0, 7.0, 9.0, 7.5, 20.0,
    10.0, 7.5, 7.5, 9.0, 7.5, 7.0, 0, 7.0, 10.0, 10.0,
    16.0, 11.0, 7.5, 9.0, 7.5, 9.0, 7.0, 0, 10.0, 16.0,
    8.0, 10.0, 7.5, 15.0, 10.0, 7.5, 10.0, 10.0, 0, 8.0,
    0, 4.0, 6.0, 7.5, 9.0, 20.0, 10.0, 16.0, 8.0, 0
]
